H	Seq	HGGYKPSDEHK
H	Xcorr	2.8534
S	3910	3910	418.8666
I	RTime	17.51015
I	BPI	74801.53
I	BPM	110.0718
I	TIC	583199
Z	3	1254.585
91.05453 1350.485
93.04519 1273.639
97.02888 1090.773
110.0718 74801.53
111.0749 4273.981
127.1483 1196.147
129.1025 62559.72
130.0864 10954.35
130.1059 1737.597
136.0758 4974.352
138.0665 1478.8
147.1129 14134.04
149.0114 1641.041
149.0235 44939.22
156.0769 5122.16
157.0974 1433.478
167.0345 4701.284
167.0929 5225.154
195.0878 17274.08
213.2123 1145.129
221.1019 1454.46
234.098 6377.76
252.1098 13832.84
266.1606 4244.003
267.1086 5323.732
278.9306 8028.122
284.1706 6456.4
285.1218 1646.246
296.5995 1321.843
300.1196 1527.733
306.6667 1616.326
306.9876 1300.083
320.6644 4251.732
321.1662 2144.311
324.9988 1170.167
347.6604 8559.156
348.1597 1416.684
356.6661 10888.33
357.1667 9074.376
359.2025 1423.732
377.6758 1206.234
387.1776 18353.32
388.1809 2294.203
391.1331 1141.653
395.2044 4132.286
407.5246 1370.117
412.8618 8727.609
413.198 16276.83
413.5289 2478.514
415.1721 14215.17
416.1757 4726.569
418.867 17404.71
419.2009 16339.91
419.5334 4567.386
419.8627 1488.042
422.1974 1724.945
429.1589 3911.861
432.1977 2546.379
532.2352 1611.155
538.2224 2014.035
540.7467 4620.342
541.2438 5461.805
543.269 7839.38
544.2621 1412.874
550.2562 1833.827
550.7617 1579.203
554.7433 5633.629
555.253 3439.517
559.2661 1693.073
559.7673 2082.136
563.752 2504.614
564.249 6974.275
566.2192 5562.451
567.2216 1394.26
584.2281 1445.932
597.26 4770.529
615.2729 9453.338
616.2748 2501.551
694.3134 5684.482
712.3267 16678.49
713.3251 6355.648
842.3755 1311.88
943.4268 1409.266

